44 472
9 106
121 87
100 517
34 57
110 196
10 342
130 472
96 348
12 162
41 184
91 431
148 65
142 428
132 166
105 485
64 186
6 437
22 130
21 469
122 157
33 331
61 444
75 355
145 467
43 318
43 493
47 263
132 245
30 89
13 176
101 252
135 477
31 548
38 231
145 201
18 136
11 267
112 33
53 160
40 415
120 220
116 13
31 189
119 254
57 350
134 119
149 397
78 520
138 510
67 171
125 552
131 116
45 315
76 198
147 451
68 70
10 437
85 460
24 460
77 258
121 395
77 436
41 393
87 100
61 498
15 141
21 373
36 34
66 234
8 52
36 93
4 110
31 269
18 60
